[{"id": 0, "img_name": "0001", "width": 2140, "height": 3810, "position": [-4.041710043410687, -0.6844867806243548, 0.2603512196117711], "rotation": [[0.15639395008502183, -0.7479070503173503, 0.6451170254011315], [0.7986667470080496, 0.4800345713163235, 0.36290251799172396], [-0.5810958265212234, 0.45847775783210465, 0.6724029937268737]], "fy": 3234.2857411087925, "fx": 3232.247619303626}, {"id": 1, "img_name": "0002", "width": 2140, "height": 3810, "position": [-4.329663250108343, -0.791485795975579, -0.05788123582078361], "rotation": [[0.1663191058044339, -0.7383831393341935, 0.6535505294859717], [0.790403174173872, 0.49610881922038746, 0.35935895946479535], [-0.5895767781216292, 0.4568001521877304, 0.6661327522806437]], "fy": 3234.2857411087925, "fx": 3232.247619303626}, {"id": 2, "img_name": "0003", "width": 2140, "height": 3810, "position": [-4.447190109855488, -0.7559581455311735, -0.24176014235479054], "rotation": [[0.20628046297489203, -0.7287472619712972, 0.6529745774256462], [0.7831031316116223, 0.5230680020546967, 0.3363767983773222], [-0.5866837784146872, 0.4419584747415137, 0.6785829726343131]], "fy": 3234.2857411087925, "fx": 3232.247619303626}, {"id": 3, "img_name": "0004", "width": 2140, "height": 3810, "position": [-4.41313986994761, -0.44001938206521424, -0.5412636206953935], "rotation": [[0.2683372552255528, -0.7208813323166118, 0.639003303728113], [0.7751860632602557, 0.5553953774886135, 0.3010357819119636], [-0.5719105566302158, 0.41456733998435896, 0.707850433236577]], "fy": 3234.2857411087925, "fx": 3232.247619303626}, {"id": 4, "img_name": "0005", "width": 2140, "height": 3810, "position": [-4.425252839634267, -0.23150328480535484, -0.7575301220986789], "rotation": [[0.3256314391475631, -0.7158563768529448, 0.6176680447923961], [0.7694941467351573, 0.5802486065165224, 0.266815128461574], [-0.5494023334306283, 0.38840855082581344, 0.7397944806947212]], "fy": 3234.2857411087925, "fx": 3232.247619303626}, {"id": 5, "img_name": "0006", "width": 2140, "height": 3810, "position": [-4.320063968629344, -0.25180348554245335, -0.7304264713495295], "rotation": [[0.3439412107081095, -0.7196121649916608, 0.6032103908029555], [0.7657732247100479, 0.5867311663631847, 0.2633209196688928], [-0.5434112732487377, 0.37135545022809563, 0.7528607558453779]], "fy": 3234.2857411087925, "fx": 3232.247619303626}, {"id": 6, "img_name": "0007", "width": 2140, "height": 3810, "position": [-4.230364036549472, -0.29692172031574116, -0.6426730467495333], "rotation": [[0.35542793826101815, -0.7227020973652244, 0.5927669518178519], [0.7578152344590965, 0.5940438323085896, 0.2698666257947227], [-0.5471627281944801, 0.35328968815977335, 0.7588144339130243]], "fy": 3234.2857411087925, "fx": 3232.247619303626}, {"id": 7, "img_name": "0008", "width": 2140, "height": 3810, "position": [-4.000493176573138, -0.08604727921007915, -0.743524612962098], "rotation": [[0.41383410324338277, -0.7078808404202575, 0.5724037480298805], [0.734575751433341, 0.6310555418531043, 0.24933384949225626], [-0.5377172122955404, 0.31729106331946183, 0.7811444045365222]], "fy": 3234.2857411087925, "fx": 3232.247619303626}, {"id": 8, "img_name": "0009", "width": 2140, "height": 3810, "position": [-3.732091150003491, 0.23392290490507198, -0.9391117074916231], "rotation": [[0.5126500105959783, -0.6750386694300688, 0.5305777618879494], [0.7001650212592545, 0.6863475436399541, 0.19671296943625444], [-0.4969496047296656, 0.27064708406610166, 0.8244945398518693]], "fy": 3234.2857411087925, "fx": 3232.247619303626}, {"id": 9, "img_name": "0010", "width": 2140, "height": 3810, "position": [-3.554883224118963, 0.36595732304972534, -0.981358481778096], "rotation": [[0.5512454313993362, -0.6689817850255125, 0.4985898571626166], [0.693272320826679, 0.6997509272969392, 0.17240106995800167], [-0.4642218904112019, 0.2506232452330639, 0.8495210564852983]], "fy": 3234.2857411087925, "fx": 3232.247619303626}, {"id": 10, "img_name": "0011", "width": 2140, "height": 3810, "position": [-3.472772613618301, 0.2640702113734662, -0.9346269843789079], "rotation": [[0.5359256573545628, -0.6807334108090782, 0.4993853353847294], [0.7028596038811302, 0.6874412103884171, 0.18279212097836356], [-0.46773076338973113, 0.253034791417992, 0.8468773980399481]], "fy": 3234.2857411087925, "fx": 3232.247619303626}, {"id": 11, "img_name": "0012", "width": 2140, "height": 3810, "position": [-3.361436805836839, 0.35629313717272343, -0.9518541216833531], "rotation": [[0.552328298423536, -0.6679580762901793, 0.4987639312132385], [0.6875218246404583, 0.7033503475763951, 0.18058800958873003], [-0.4714310038633612, 0.2431672200007372, 0.8477160560668274]], "fy": 3234.2857411087925, "fx": 3232.247619303626}, {"id": 12, "img_name": "0013", "width": 2140, "height": 3810, "position": [-3.005394955476863, 0.6439847074846592, -1.1814980546808913], "rotation": [[0.6518540015621144, -0.6069862652556187, 0.4545921627552485], [0.627041209726401, 0.7685533356334769, 0.12706333692890276], [-0.4265040233717736, 0.20222127503725162, 0.8815899692997862]], "fy": 3234.2857411087925, "fx": 3232.247619303626}, {"id": 13, "img_name": "0014", "width": 2140, "height": 3810, "position": [-2.911357952432225, 0.7896640407871532, -1.3157818648333803], "rotation": [[0.7070231972953978, -0.5685547918910008, 0.4205515986225399], [0.5914324134427691, 0.801411795375659, 0.08914501983859927], [-0.3877188399026471, 0.18570025000129534, 0.9028784626592895]], "fy": 3234.2857411087925, "fx": 3232.247619303626}, {"id": 14, "img_name": "0015", "width": 2140, "height": 3810, "position": [-3.081120714391433, 0.7624774038691887, -1.3318975379341715], "rotation": [[0.7067834039833314, -0.5657046634680304, 0.4247769456835641], [0.5919232316620903, 0.8017280310207943, 0.08281939443287416], [-0.38740690194218586, 0.19289996891146255, 0.9015017994000424]], "fy": 3234.2857411087925, "fx": 3232.247619303626}, {"id": 15, "img_name": "0016", "width": 2140, "height": 3810, "position": [-3.096690997549725, 0.7988346736897801, -1.3827318875453933], "rotation": [[0.7328240003846515, -0.5331357743201594, 0.42277089611310825], [0.5632809174939932, 0.8238916019989725, 0.06258782743227159], [-0.38168520071829054, 0.19227291617804793, 0.904072747768136]], "fy": 3234.2857411087925, "fx": 3232.247619303626}, {"id": 16, "img_name": "0017", "width": 2140, "height": 3810, "position": [-2.7214058245326207, 1.0049309650416376, -1.4947642032144153], "rotation": [[0.7801302982056929, -0.4824603581484057, 0.3982822123027952], [0.5155451426338511, 0.856417591283827, 0.0276064348703284], [-0.35441490336629305, 0.18379584368238505, 0.9168474050336518]], "fy": 3234.2857411087925, "fx": 3232.247619303626}, {"id": 17, "img_name": "0018", "width": 2140, "height": 3810, "position": [-2.5163587145839776, 1.1281454814118441, -1.5623942055728262], "rotation": [[0.8027693359091089, -0.46081651016867853, 0.378430359881456], [0.49403191875220326, 0.8693785362993978, 0.010650064597607069], [-0.33390695796593484, 0.17840713152191237, 0.9255684949500274]], "fy": 3234.2857411087925, "fx": 3232.247619303626}, {"id": 18, "img_name": "0019", "width": 2140, "height": 3810, "position": [-2.5915317912769837, 1.0635647894518294, -1.5319532041068478], "rotation": [[0.8031954298876716, -0.46412012987602547, 0.3734562979137178], [0.4977932544518059, 0.8672658087814759, 0.007203661630885447], [-0.3272292426263858, 0.18011807783360842, 0.9276198040186983]], "fy": 3234.2857411087925, "fx": 3232.247619303626}, {"id": 19, "img_name": "0020", "width": 2140, "height": 3810, "position": [-2.4795112200499947, 1.1103114719333245, -1.5529808019944513], "rotation": [[0.817850859871466, -0.44689156910627253, 0.3625022709849378], [0.47893046748757084, 0.8778512231296153, 0.0016844470828893108], [-0.3189758271713398, 0.17223575561297336, 0.9319813657840954]], "fy": 3234.2857411087925, "fx": 3232.247619303626}, {"id": 20, "img_name": "0021", "width": 2140, "height": 3810, "position": [-2.0201635040491945, 1.2808388924676224, -1.653494370883855], "rotation": [[0.8627543051318167, -0.3951701258044225, 0.3154292006904763], [0.4217616642435147, 0.9065302236562336, -0.01789000202122792], [-0.2788765095002745, 0.14847062089684823, 0.9487804631101168]], "fy": 3234.2857411087925, "fx": 3232.247619303626}, {"id": 21, "img_name": "0022", "width": 2140, "height": 3810, "position": [-1.794332559068122, 1.4137843554527025, -1.6763229129434114], "rotation": [[0.894973246420144, -0.3617442403619065, 0.2610823486128], [0.38007323848722435, 0.9247032661299771, -0.021637998853551717], [-0.23359627903291164, 0.11859584382911595, 0.9650739890021067]], "fy": 3234.2857411087925, "fx": 3232.247619303626}, {"id": 22, "img_name": "0023", "width": 2140, "height": 3810, "position": [-1.8969838700434973, 1.3847566779185627, -1.626575373838371], "rotation": [[0.8974668306675555, -0.3678839271791679, 0.24334071581789524], [0.3797162587455621, 0.9251011289038267, -0.0018612214103891128], [-0.22443005746959632, 0.09407081069119073, 0.9699390866853937]], "fy": 3234.2857411087925, "fx": 3232.247619303626}, {"id": 23, "img_name": "0024", "width": 2140, "height": 3810, "position": [-1.8494607346690692, 1.3957373627174834, -1.568299781092228], "rotation": [[0.9108239421139122, -0.3422222194619287, 0.23083262113190126], [0.34858707486694485, 0.9371726003008948, 0.013948780626508816], [-0.22110359044524655, 0.06776038482632027, 0.9728934846839141]], "fy": 3234.2857411087925, "fx": 3232.247619303626}, {"id": 24, "img_name": "0025", "width": 2140, "height": 3810, "position": [-1.3930545898172733, 1.4745258776321024, -1.5434984155111975], "rotation": [[0.9522997360700337, -0.25700039666267793, 0.16454789210491405], [0.26010241268233925, 0.9655770193574955, 0.002784709234559879], [-0.15959933457809378, 0.04014742586917825, 0.9863651639217134]], "fy": 3234.2857411087925, "fx": 3232.247619303626}, {"id": 25, "img_name": "0026", "width": 2140, "height": 3810, "position": [-1.2016786888735178, 1.5345778880400522, -1.5817357982568483], "rotation": [[0.9690458997642523, -0.21551462349474332, 0.12043044137596515], [0.21708516193250482, 0.9761526653128011, 8.044534102252759e-05], [-0.1175758334813278, 0.026065706639831404, 0.9927217648054953]], "fy": 3234.2857411087925, "fx": 3232.247619303626}, {"id": 26, "img_name": "0027", "width": 2140, "height": 3810, "position": [-1.3432382722714982, 1.5276905179182234, -1.6386001884736514], "rotation": [[0.9690858212027005, -0.21768167530369575, 0.1161350910830316], [0.21919585036346406, 0.9756808414844073, -0.00027339297158489426], [-0.11325127075368968, 0.025721271299362865, 0.9932333894283957]], "fy": 3234.2857411087925, "fx": 3232.247619303626}, {"id": 27, "img_name": "0028", "width": 2140, "height": 3810, "position": [-1.2821160577185358, 1.5237679545733567, -1.5872066240600826], "rotation": [[0.9749037210465364, -0.19160027497985455, 0.1133669674872762], [0.19280816745497723, 0.981236419533502, 0.0003155055095740205], [-0.11130024821297788, 0.02155048975585531, 0.993553134532327]], "fy": 3234.2857411087925, "fx": 3232.247619303626}, {"id": 28, "img_name": "0029", "width": 2140, "height": 3810, "position": [-0.7615222726202071, 1.5272022500701274, -1.528376016692595], "rotation": [[0.9895265167179097, -0.12410006466892592, 0.07373226336745958], [0.12477881022787649, 0.9921736702700823, -0.004653658873360037], [-0.0725776909954816, 0.013805142953349399, 0.9972672143401696]], "fy": 3234.2857411087925, "fx": 3232.247619303626}, {"id": 29, "img_name": "0030", "width": 2140, "height": 3810, "position": [-0.5121588753551937, 1.5999478298592238, -1.5473004478751589], "rotation": [[0.9973065242441598, -0.07056327768391069, 0.02001300933234222], [0.07055875737418014, 0.9975071887882204, 0.0009327773759435628], [-0.02002894050729309, 0.00048182810711207557, 0.999799284548569]], "fy": 3234.2857411087925, "fx": 3232.247619303626}, {"id": 30, "img_name": "0031", "width": 2140, "height": 3810, "position": [-0.5912805472943986, 1.644273696249928, -1.6372529104363174], "rotation": [[0.9954975607083288, -0.09231382913305156, 0.021511940278848243], [0.09215457886914173, 0.9957102673875132, 0.00828233134680295], [-0.022184233527848277, -0.006262616855665077, 0.9997342844040615]], "fy": 3234.2857411087925, "fx": 3232.247619303626}, {"id": 31, "img_name": "0032", "width": 2140, "height": 3810, "position": [-0.5593331206020993, 1.6589268283603504, -1.6222557442476528], "rotation": [[0.9952719362685656, -0.09208190146551279, 0.030898160118621818], [0.0918059043927019, 0.9957242854721586, 0.010238322108491429], [-0.03170881257408536, -0.007353281135298936, 0.9994700998337505]], "fy": 3234.2857411087925, "fx": 3232.247619303626}, {"id": 32, "img_name": "0033", "width": 2140, "height": 3810, "position": [-0.11794811142692249, 1.6106881585890818, -1.5541613557227065], "rotation": [[0.9996283597281418, -0.022327245971063225, -0.015640860416630094], [0.02238930321660996, 0.9997420918078436, 0.0038038098206903716], [0.015551897913102571, -0.004152584138211118, 0.9998704388650939]], "fy": 3234.2857411087925, "fx": 3232.247619303626}, {"id": 33, "img_name": "0034", "width": 2140, "height": 3810, "position": [0.16341478997900732, 1.640259025800432, -1.5606269064906748], "rotation": [[0.997199203445955, 0.03661135402094557, -0.06521776907795633], [-0.03624355337343575, 0.9993197544090612, 0.006814197434785377], [0.06542288197274375, -0.004431388559618129, 0.9978477886480553]], "fy": 3234.2857411087925, "fx": 3232.247619303626}, {"id": 34, "img_name": "0035", "width": 2140, "height": 3810, "position": [0.09035363892329408, 1.721457080938865, -1.6559672958988867], "rotation": [[0.9976197867449778, 0.021204150540671284, -0.06561360449444752], [-0.02052356161589746, 0.9997285302888957, 0.011029467122355648], [0.06582966286943671, -0.009656589783832263, 0.9977841478798121]], "fy": 3234.2857411087925, "fx": 3232.247619303626}, {"id": 35, "img_name": "0036", "width": 2140, "height": 3810, "position": [0.04617231214428622, 1.7425112917752736, -1.6565226606790824], "rotation": [[0.9979078779644647, 0.02702862299051422, -0.05873091720461906], [-0.02641626654582148, 0.9995885306306682, 0.011178116719798062], [0.05900888033372001, -0.009603279172134995, 0.9982112647485515]], "fy": 3234.2857411087925, "fx": 3232.247619303626}, {"id": 36, "img_name": "0037", "width": 2140, "height": 3810, "position": [0.43881423424743016, 1.6140358034413966, -1.5515340524757184], "rotation": [[0.9908839906884995, 0.09778997751575798, -0.09266087251208587], [-0.09764082111737708, 0.995202699551631, 0.006152792591206948], [0.09281803191599061, 0.0029507800008788834, 0.9956787161773764]], "fy": 3234.2857411087925, "fx": 3232.247619303626}, {"id": 37, "img_name": "0038", "width": 2140, "height": 3810, "position": [0.8161405569571628, 1.5775854705374441, -1.4591053667670266], "rotation": [[0.9706740867300099, 0.18323915076643166, -0.15561243837578778], [-0.1829167200148967, 0.9829897167386977, 0.01651333779000288], [0.15599131671299304, 0.012435047743044145, 0.9876801499968371]], "fy": 3234.2857411087925, "fx": 3232.247619303626}, {"id": 38, "img_name": "0039", "width": 2140, "height": 3810, "position": [0.8583610570712398, 1.6799727432184215, -1.5844197889282898], "rotation": [[0.9613449242851393, 0.20054326276540502, -0.18867521382154426], [-0.20004838620784532, 0.9795420563206406, 0.021863281427265808], [0.18919984071567417, 0.01672601741410054, 0.9817961400487513]], "fy": 3234.2857411087925, "fx": 3232.247619303626}, {"id": 39, "img_name": "0040", "width": 2140, "height": 3810, "position": [0.8005007892669648, 1.7777126180355176, -1.7059268574333513], "rotation": [[0.9562254926533177, 0.21464013339712193, -0.19890304254883961], [-0.21554203624700732, 0.976340058276812, 0.01737012419428702], [0.19792533392775566, 0.02626221124157062, 0.9798652246356585]], "fy": 3234.2857411087925, "fx": 3232.247619303626}, {"id": 40, "img_name": "0041", "width": 2140, "height": 3810, "position": [1.022723567084075, 1.642749262234276, -1.581342502832034], "rotation": [[0.9394557947698461, 0.26109879455686136, -0.22192392650255388], [-0.2648605609893298, 0.9641965946498924, 0.013183705775257213], [0.21742054389080745, 0.046393386883315166, 0.9749748513411617]], "fy": 3234.2857411087925, "fx": 3232.247619303626}, {"id": 41, "img_name": "0042", "width": 2140, "height": 3810, "position": [1.380993403919344, 1.4728097089857575, -1.3943813464882844], "rotation": [[0.9177758999778246, 0.3078283449868643, -0.25085674685473813], [-0.3122142719943415, 0.9497292646171901, 0.023164030148801206], [0.24537653877854237, 0.05706166797719141, 0.9677470331986159]], "fy": 3234.2857411087925, "fx": 3232.247619303626}, {"id": 42, "img_name": "0043", "width": 2140, "height": 3810, "position": [1.4602948660183057, 1.4371751483067419, -1.3591666011328833], "rotation": [[0.9117302406073647, 0.3136721078094475, -0.2652504046074485], [-0.315295548373249, 0.948248196776382, 0.037604181766823806], [0.263318600820468, 0.04934740208682233, 0.9634459758436031]], "fy": 3234.2857411087925, "fx": 3232.247619303626}, {"id": 43, "img_name": "0044", "width": 2140, "height": 3810, "position": [1.275449019942607, 1.4573777420244298, -1.3687642483929976], "rotation": [[0.9077189518387392, 0.3216396255757444, -0.26943321200675263], [-0.3210828686222874, 0.9458635998128627, 0.047411412406041326], [0.27009645675214555, 0.04347415103883906, 0.9618512890470069]], "fy": 3234.2857411087925, "fx": 3232.247619303626}, {"id": 44, "img_name": "0045", "width": 2140, "height": 3810, "position": [1.4574191390562654, 1.2842554331359088, -1.203239287907747], "rotation": [[0.8808350929070333, 0.37418551878522444, -0.2900254068782427], [-0.3734973864962193, 0.9256912039627735, 0.05996246481294999], [0.2909110540765882, 0.055506688222076724, 0.9551386109767865]], "fy": 3234.2857411087925, "fx": 3232.247619303626}, {"id": 45, "img_name": "0046", "width": 2140, "height": 3810, "position": [1.7853540915950545, 1.0133095948785784, -0.9499481756220488], "rotation": [[0.8296570395236184, 0.45145654536644586, -0.32841465316684515], [-0.44946903539802635, 0.8890781368880064, 0.08670439853963005], [0.33112955619707646, 0.07567730276341388, 0.9405456729256596]], "fy": 3234.2857411087925, "fx": 3232.247619303626}, {"id": 46, "img_name": "0047", "width": 2140, "height": 3810, "position": [1.8362793925357137, 0.9415673428215062, -0.8988416804532577], "rotation": [[0.8123385169761649, 0.4689718736873224, -0.34665763445677505], [-0.46081909125764237, 0.880487489464727, 0.11129935322625455], [0.35742397648933066, 0.06933370454767313, 0.931365094065829]], "fy": 3234.2857411087925, "fx": 3232.247619303626}, {"id": 47, "img_name": "0048", "width": 2140, "height": 3810, "position": [1.7958440295259033, 0.9924924179029302, -0.9635376452930468], "rotation": [[0.8234463788808389, 0.4542564110445009, -0.33998113790768336], [-0.44415300824444265, 0.8889277921850623, 0.11196198260303651], [0.3530781306955244, 0.05880895600127642, 0.9337437230410677]], "fy": 3234.2857411087925, "fx": 3232.247619303626}, {"id": 48, "img_name": "0049", "width": 2140, "height": 3810, "position": [1.9400645770799159, 0.9946631095273131, -0.9357257716478774], "rotation": [[0.8048619376698513, 0.48104586693665863, -0.3475516295365207], [-0.4755482024675998, 0.8731307379286156, 0.10722229998496502], [0.3550368550167251, 0.07897840456346063, 0.9315101948945289]], "fy": 3234.2857411087925, "fx": 3232.247619303626}, {"id": 49, "img_name": "0050", "width": 2140, "height": 3810, "position": [2.3434191283147103, 0.820231744810553, -0.792430789480535], "rotation": [[0.7310878701302628, 0.5522375804494776, -0.4006796487066726], [-0.5558295424570167, 0.8226430898587149, 0.1196322132192231], [0.3956817482275613, 0.13524792585105674, 0.9083743461109897]], "fy": 3234.2857411087925, "fx": 3232.247619303626}, {"id": 50, "img_name": "0051", "width": 2140, "height": 3810, "position": [2.585108910917025, 0.8436691004533668, -0.7751321440617973], "rotation": [[0.6684170919424579, 0.5917842093350075, -0.45056635558031577], [-0.5985423272789381, 0.7875834659795263, 0.1464901586154815], [0.4415491746733313, 0.17176650924268225, 0.8806421478942986]], "fy": 3234.2857411087925, "fx": 3232.247619303626}, {"id": 51, "img_name": "0052", "width": 2140, "height": 3810, "position": [2.6798118501112658, 1.0059872949855602, -0.9073137815665814], "rotation": [[0.670111974997069, 0.5792120150327349, -0.46418033414530446], [-0.5897346188622111, 0.7952094484336045, 0.14090781538780847], [0.45073608717404695, 0.17931919797846815, 0.874460750951916]], "fy": 3234.2857411087925, "fx": 3232.247619303626}, {"id": 52, "img_name": "0053", "width": 2140, "height": 3810, "position": [2.823714285098634, 1.0304861284256366, -0.8862264658826087], "rotation": [[0.6619439330987916, 0.5827169860923835, -0.47145640684278683], [-0.6004027147770991, 0.788746014887873, 0.131895049515851], [0.4487168478249863, 0.19575657873468347, 0.871970499707473]], "fy": 3234.2857411087925, "fx": 3232.247619303626}, {"id": 53, "img_name": "0054", "width": 2140, "height": 3810, "position": [3.0173327165845367, 0.7815332980907037, -0.7178943376773377], "rotation": [[0.5913970736616941, 0.6242169631891388, -0.5104925896928517], [-0.6547501890885351, 0.74124287660098, 0.14785529336764341], [0.47069277788480296, 0.24680393180667498, 0.8470750427747552]], "fy": 3234.2857411087925, "fx": 3232.247619303626}, {"id": 54, "img_name": "0055", "width": 2140, "height": 3810, "position": [3.173054687719042, 0.638223797099813, -0.5665776318135392], "rotation": [[0.46755527240578587, 0.6764225625175949, -0.5690734435577554], [-0.7183412530568776, 0.6659185144558003, 0.20134144198762294], [0.5151484362804827, 0.3146506777715736, 0.797255943581271]], "fy": 3234.2857411087925, "fx": 3232.247619303626}, {"id": 55, "img_name": "0056", "width": 2140, "height": 3810, "position": [3.347575586520539, 0.7072670399761868, -0.6380054553788773], "rotation": [[0.44381352225208576, 0.6704591163157412, -0.594570543178278], [-0.7159254750466083, 0.6643354460188613, 0.21473036427624484], [0.5389622172708262, 0.3303679592697151, 0.7748398156022177]], "fy": 3234.2857411087925, "fx": 3232.247619303626}, {"id": 56, "img_name": "0057", "width": 2140, "height": 3810, "position": [3.5651314793999527, 0.789831431908409, -0.6584482272373342], "rotation": [[0.4565785258165725, 0.6620186554198263, -0.5943629780187278], [-0.7144379647425916, 0.6709500088338862, 0.19850561750305995], [0.5302022673448583, 0.3340020741281903, 0.77931262672976]], "fy": 3234.2857411087925, "fx": 3232.247619303626}, {"id": 57, "img_name": "0058", "width": 2140, "height": 3810, "position": [3.7203823284146234, 0.532518131392943, -0.5024739385175157], "rotation": [[0.3958805953029807, 0.6781076641246301, -0.619232226323853], [-0.7497564315336714, 0.6280337156146562, 0.20842011761138654], [0.530229995036543, 0.38176386406610985, 0.7570419436575893]], "fy": 3234.2857411087925, "fx": 3232.247619303626}, {"id": 58, "img_name": "0059", "width": 2140, "height": 3810, "position": [3.874468354214617, 0.25287890893328185, -0.22765032864526646], "rotation": [[0.27747716255616633, 0.7043045997150162, -0.653422876152993], [-0.7880537038722408, 0.5558794985239306, 0.26451718835271537], [0.5495250531804909, 0.44153483887577216, 0.7092737144332397]], "fy": 3234.2857411087925, "fx": 3232.247619303626}, {"id": 59, "img_name": "0060", "width": 2140, "height": 3810, "position": [4.11124019982785, 0.18286071622817582, -0.17363629614946366], "rotation": [[0.20767029492739825, 0.7119600049996166, -0.6708099580996938], [-0.8002299070066055, 0.5180477323902123, 0.30209045482695845], [0.5625878993872575, 0.47406697654055663, 0.6773148139652109]], "fy": 3234.2857411087925, "fx": 3232.247619303626}, {"id": 60, "img_name": "0061", "width": 2140, "height": 3810, "position": [4.429545382870506, 0.15246759495459314, -0.13762235828401564], "rotation": [[0.1904111481449598, 0.7097609520989617, -0.6782204549685102], [-0.8006721541232903, 0.5120275408194894, 0.31104967296866903], [0.5680384637273147, 0.4838049072900367, 0.6657815823589529]], "fy": 3234.2857411087925, "fx": 3232.247619303626}, {"id": 61, "img_name": "0062", "width": 2140, "height": 3810, "position": [4.620095264552542, 0.12023574918444332, -0.10156699737132585], "rotation": [[0.17088532189563152, 0.707635532958822, -0.6856020414604307], [-0.8077727054222571, 0.4990573122125564, 0.3137595504554187], [0.5641821187661248, 0.5001937140961119, 0.6568902383528799]], "fy": 3234.2857411087925, "fx": 3232.247619303626}, {"id": 62, "img_name": "0063", "width": 2140, "height": 3810, "position": [4.575731773698119, -0.1430168710783031, 0.11098548880343512], "rotation": [[0.11858859019367032, 0.7066494240418177, -0.6975552578665325], [-0.8206375946390427, 0.4652522816042051, 0.3318045399435144], [0.5590086623129586, 0.5330918363316479, 0.6350766957585736]], "fy": 3234.2857411087925, "fx": 3232.247619303626}, {"id": 63, "img_name": "0064", "width": 2140, "height": 3810, "position": [4.583689778203428, -0.5583615510685604, 0.3961159306041682], "rotation": [[0.06562523598558952, 0.7081642258011571, -0.7029912927606454], [-0.8275292902397764, 0.4322894292335481, 0.35821937854921376], [0.557573853580929, 0.5582376542910564, 0.6143957349579598]], "fy": 3234.2857411087925, "fx": 3232.247619303626}, {"id": 64, "img_name": "0065", "width": 2140, "height": 3810, "position": [4.488156175678681, -0.6395568758856713, 0.47354284873867725], "rotation": [[0.04333251826038049, 0.7127105847982361, -0.7001185008109483], [-0.8209319131644106, 0.4247840733704121, 0.38161405236057644], [0.5693795630415918, 0.5582133224201984, 0.6034938275269843]], "fy": 3234.2857411087925, "fx": 3232.247619303626}, {"id": 65, "img_name": "0066", "width": 2140, "height": 3810, "position": [4.308638681420016, -0.6113200740616064, 0.4783549651006535], "rotation": [[0.04103977018540578, 0.7194604574017552, -0.6933198305965191], [-0.8181843267060441, 0.4224812879511826, 0.38997944671955126], [0.5734894461066449, 0.5512587519181597, 0.6059898048960285]], "fy": 3234.2857411087925, "fx": 3232.247619303626}, {"id": 66, "img_name": "0067", "width": 2140, "height": 3810, "position": [4.195418972226079, -0.8655554963218435, 0.651621051025691], "rotation": [[-0.019647600650035166, 0.7218563616997645, -0.6917639516932602], [-0.8277567460175131, 0.37630721347054885, 0.41618703789585876], [0.5607430260031725, 0.5807893543821282, 0.5901279392006412]], "fy": 3234.2857411087925, "fx": 3232.247619303626}, {"id": 67, "img_name": "0068", "width": 2140, "height": 3810, "position": [4.158429074040297, -1.2868874670969725, 0.9297507275956468], "rotation": [[-0.11370917119462388, 0.7206564522646169, -0.683903869118758], [-0.8252378162380837, 0.3147954646398734, 0.46892042191907635], [0.5532203639028753, 0.6177038880009919, 0.5589178255447111]], "fy": 3234.2857411087925, "fx": 3232.247619303626}, {"id": 68, "img_name": "0069", "width": 2140, "height": 3810, "position": [4.074064097929479, -1.4404048160333556, 1.0334626862315281], "rotation": [[-0.16183110874081624, 0.723462520052621, -0.6711279120427255], [-0.8152631283884761, 0.28517826644523314, 0.5040033609387206], [0.5560186361390708, 0.6287092638305897, 0.543661602322295]], "fy": 3234.2857411087925, "fx": 3232.247619303626}, {"id": 69, "img_name": "0070", "width": 2140, "height": 3810, "position": [3.878397252553472, -1.3493104704452492, 0.9838762364234362], "rotation": [[-0.17566431680628222, 0.7314879748918158, -0.6588379090411026], [-0.8136438207696225, 0.26886736701711883, 0.5154552084097047], [0.5541893004419991, 0.6266064806096024, 0.5479402683994445]], "fy": 3234.2857411087925, "fx": 3232.247619303626}, {"id": 70, "img_name": "0071", "width": 2140, "height": 3810, "position": [3.7159182676385583, -1.3673887854929057, 0.9868627506850892], "rotation": [[-0.21287313984823217, 0.7314575524710011, -0.6478077456038074], [-0.8153037494342936, 0.2324169107263561, 0.5303415651886993], [0.5384838182244079, 0.6410555580771057, 0.5468847675414933]], "fy": 3234.2857411087925, "fx": 3232.247619303626}, {"id": 71, "img_name": "0072", "width": 2140, "height": 3810, "position": [3.4711502763929296, -1.641389286868011, 1.1680854975515567], "rotation": [[-0.28673825615924886, 0.7235655973461377, -0.6278805609284935], [-0.8023723009566638, 0.17670957402339593, 0.5700635202378578], [0.5234308580053927, 0.6672529900911622, 0.5298995981335913]], "fy": 3234.2857411087925, "fx": 3232.247619303626}, {"id": 72, "img_name": "0073", "width": 2140, "height": 3810, "position": [3.2630505440276862, -1.8129977964289437, 1.3142981784256922], "rotation": [[-0.3374337752748851, 0.7200069696594263, -0.6064061435585791], [-0.7835547343375199, 0.1421892317748227, 0.6048340273699424], [0.5217091388896659, 0.6792438339868352, 0.5161854205514409]], "fy": 3234.2857411087925, "fx": 3232.247619303626}, {"id": 73, "img_name": "0074", "width": 2140, "height": 3810, "position": [3.077992598327386, -1.7473747686986074, 1.33087325024917], "rotation": [[-0.36361909374035, 0.7216133118380623, -0.5891140660734132], [-0.7728080936175526, 0.11943638085905246, 0.6232997684633736], [0.5201430621537216, 0.6819158152627015, 0.5142392592830257]], "fy": 3234.2857411087925, "fx": 3232.247619303626}, {"id": 74, "img_name": "0075", "width": 2140, "height": 3810, "position": [2.9029892390423044, -1.7859144513559215, 1.2918113557540878], "rotation": [[-0.4203654539942329, 0.7001446663613373, -0.5771397848476516], [-0.7614565296453399, 0.07369298758941084, 0.6440134292393459], [0.4934337225491358, 0.7101878552509318, 0.5021517417129846]], "fy": 3234.2857411087925, "fx": 3232.247619303626}, {"id": 75, "img_name": "0076", "width": 2140, "height": 3810, "position": [2.4547316851561893, -1.9516448098756811, 1.4582661003940955], "rotation": [[-0.547239853551499, 0.6329371280864323, -0.5476487328339518], [-0.7088218192460147, -0.0025174666335552928, 0.705383080972686], [0.44508445405979286, 0.7741991050443342, 0.4500173046704403]], "fy": 3234.2857411087925, "fx": 3232.247619303626}, {"id": 76, "img_name": "0077", "width": 2140, "height": 3810, "position": [2.1025128997616696, -2.1954822256523197, 1.6327359841566993], "rotation": [[-0.5932562936996062, 0.60848379189068, -0.527062088365447], [-0.6871146086828738, -0.04162403950649388, 0.7253557429770191], [0.4194287597678396, 0.7924739202910728, 0.4427918259612641]], "fy": 3234.2857411087925, "fx": 3232.247619303626}, {"id": 77, "img_name": "0078", "width": 2140, "height": 3810, "position": [1.924273537652992, -2.0922065638125025, 1.566745185940982], "rotation": [[-0.6223403032902858, 0.6030817122128294, -0.49898396296373815], [-0.6785915871064779, -0.09795915143195558, 0.7279542997737168], [0.39013587993014226, 0.7916416190708857, 0.47021010425761833]], "fy": 3234.2857411087925, "fx": 3232.247619303626}, {"id": 78, "img_name": "0079", "width": 2140, "height": 3810, "position": [1.7731106052604835, -2.025976866387788, 1.5680889839919887], "rotation": [[-0.7052987123950016, 0.5406698745640923, -0.4585082475079382], [-0.6373345471149104, -0.20039381696025912, 0.7440745884505999], [0.3104164965780394, 0.8170179954339724, 0.4859250907179722]], "fy": 3234.2857411087925, "fx": 3232.247619303626}, {"id": 79, "img_name": "0080", "width": 2140, "height": 3810, "position": [1.467847957067323, -2.205365734285034, 1.6611859082005296], "rotation": [[-0.8504123730275496, 0.3714645883319205, -0.3725759726781221], [-0.4963895631635963, -0.3318357405363726, 0.8021735740380203], [0.1743450526510746, 0.8671211570006085, 0.46658836429771794]], "fy": 3234.2857411087925, "fx": 3232.247619303626}, {"id": 80, "img_name": "0081", "width": 2140, "height": 3810, "position": [1.3123606739903713, -2.448465051017626, 1.8147208915372366], "rotation": [[-0.9202992330281585, 0.2621850913649504, -0.29035891505813277], [-0.37573748807105606, -0.3856657112269127, 0.8426644048741423], [0.10895256649494904, 0.8846021348887826, 0.4534406258865338]], "fy": 3234.2857411087925, "fx": 3232.247619303626}, {"id": 81, "img_name": "0082", "width": 2140, "height": 3810, "position": [1.1929121063160375, -2.4574966997354366, 1.790888794494294], "rotation": [[-0.9136320797798545, 0.28909422572786825, -0.28583378290177963], [-0.3836677431117078, -0.3806204195471423, 0.8413840734880391], [0.1344451028959622, 0.8783806833455307, 0.45866315464917445]], "fy": 3234.2857411087925, "fx": 3232.247619303626}, {"id": 82, "img_name": "0083", "width": 2140, "height": 3810, "position": [1.07262902922274, -2.405711113160526, 1.754239584873347], "rotation": [[-0.9254206268656417, 0.2538385567077336, -0.28135857992984037], [-0.36506138956886763, -0.3980849497453493, 0.8415809851893573], [0.10162108648134562, 0.8815295570284507, 0.4610626799770003]], "fy": 3234.2857411087925, "fx": 3232.247619303626}, {"id": 83, "img_name": "0084", "width": 2140, "height": 3810, "position": [0.6525146252277135, -2.659111597818121, 1.9289249349973112], "rotation": [[-0.9761836446345808, 0.07752333092668576, -0.2026218771751384], [-0.2156949749185625, -0.44696769014771254, 0.8681564154914129], [-0.023263055320099094, 0.8911846145025448, 0.45304394172212964]], "fy": 3234.2857411087925, "fx": 3232.247619303626}, {"id": 84, "img_name": "0085", "width": 2140, "height": 3810, "position": [0.5722795136215008, -2.9121828426248135, 2.054599565446838], "rotation": [[-0.9903468714432774, -0.036628046284409646, -0.1336841817415166], [-0.10279746944695371, -0.4528880754108012, 0.885621291199575], [-0.09298254942629997, 0.8908146706111697, 0.4447510181282316]], "fy": 3234.2857411087925, "fx": 3232.247619303626}, {"id": 85, "img_name": "0086", "width": 2140, "height": 3810, "position": [0.7085632079574734, -3.022224017335842, 2.150380244854023], "rotation": [[-0.9918673545683886, -0.022558654443076833, -0.12526076022132215], [-0.1035720710377298, -0.4289388827001167, 0.8973763207311247], [-0.07397281286027434, 0.9030517936517776, 0.42311402829479183]], "fy": 3234.2857411087925, "fx": 3232.247619303626}, {"id": 86, "img_name": "0087", "width": 2140, "height": 3810, "position": [0.5586864919569087, -3.0140855119365124, 2.293144980675579], "rotation": [[-0.9931378480511763, -0.04568646647447523, -0.10765668371891421], [-0.08136194832431429, -0.391341154864468, 0.9166418787477558], [-0.08400861939794803, 0.9191109004306393, 0.3849385724715437]], "fy": 3234.2857411087925, "fx": 3232.247619303626}, {"id": 87, "img_name": "0088", "width": 2140, "height": 3810, "position": [0.19785877123669318, -3.0581857369650605, 2.368904956441812], "rotation": [[-0.9916146445304105, -0.12161933751703284, -0.04369363219905096], [0.0024728831405391367, -0.3559031234324483, 0.9345195833047057], [-0.12920635279196271, 0.9265752551589892, 0.35321949963903926]], "fy": 3234.2857411087925, "fx": 3232.247619303626}, {"id": 88, "img_name": "0089", "width": 2140, "height": 3810, "position": [0.24290339119308385, -3.0597051644984674, 2.4308119441938563], "rotation": [[-0.9929134927932417, -0.11852025421049314, -0.008703170169789934], [0.032710413444511664, -0.34297042939349837, 0.9387764981154609], [-0.11424895921369851, 0.9318391674014992, 0.3444168134906707]], "fy": 3234.2857411087925, "fx": 3232.247619303626}, {"id": 89, "img_name": "0090", "width": 2140, "height": 3810, "position": [0.27981194088526884, -3.016534899319387, 2.4704301766640193], "rotation": [[-0.9951582416161197, -0.09726951549604321, -0.014096648490933825], [0.020187106713395655, -0.34265185445270574, 0.9392455415718848], [-0.09619020150750239, 0.9344133710490695, 0.3429564070529366]], "fy": 3234.2857411087925, "fx": 3232.247619303626}, {"id": 90, "img_name": "0091", "width": 2140, "height": 3810, "position": [-0.12054402394681801, -3.0088110752053607, 2.4114397386851705], "rotation": [[-0.9736453649347178, -0.22099463838007286, 0.05635666019558159], [0.1271764525797147, -0.3209735870988027, 0.9385105786799456], [-0.1893168065713634, 0.9209437149968435, 0.3406197594935344]], "fy": 3234.2857411087925, "fx": 3232.247619303626}, {"id": 91, "img_name": "0092", "width": 2140, "height": 3810, "position": [-0.41149110158787827, -3.066005747590357, 2.4535564109523644], "rotation": [[-0.9460693777710231, -0.29426959188779894, 0.13549221281733076], [0.2263654845100697, -0.3012663861457745, 0.926281400008219], [-0.23175720024730612, 0.9069972281483847, 0.3516313812285201]], "fy": 3234.2857411087925, "fx": 3232.247619303626}, {"id": 92, "img_name": "0093", "width": 2140, "height": 3810, "position": [-0.3749662136514634, -3.1197529074442465, 2.5012325341193873], "rotation": [[-0.9665809904298615, -0.23875784638134642, 0.09335887601598995], [0.1683112579111352, -0.3163322285983509, 0.933598008572411], [-0.19337142860308745, 0.9181114376486885, 0.3459463522840777]], "fy": 3234.2857411087925, "fx": 3232.247619303626}, {"id": 93, "img_name": "0094", "width": 2140, "height": 3810, "position": [-0.40941060830663945, -3.0944198453577445, 2.5886309005577526], "rotation": [[-0.967917649050887, -0.2410769328718032, 0.07083316379301692], [0.1491147356412336, -0.3242183529931345, 0.9341559051877071], [-0.20223802874447053, 0.9147482560899165, 0.34976478912264364]], "fy": 3234.2857411087925, "fx": 3232.247619303626}, {"id": 94, "img_name": "0095", "width": 2140, "height": 3810, "position": [-0.8379454888030795, -3.1380139824671707, 2.5784133710493453], "rotation": [[-0.9310274026048619, -0.34047171350634414, 0.13140391128462542], [0.2355020874227635, -0.28543625925554783, 0.9290128678988899], [-0.2787951621143467, 0.8958823327894423, 0.3459307783030901]], "fy": 3234.2857411087925, "fx": 3232.247619303626}, {"id": 95, "img_name": "0096", "width": 2140, "height": 3810, "position": [-1.1670280048095825, -3.250987276808376, 2.6974470760125158], "rotation": [[-0.884559393285038, -0.4166461246915904, 0.2096680388869141], [0.3284304336819714, -0.23719133846614304, 0.9142612969978066], [-0.33119198357248475, 0.8775797831172495, 0.3466490938704498]], "fy": 3234.2857411087925, "fx": 3232.247619303626}, {"id": 96, "img_name": "0097", "width": 2140, "height": 3810, "position": [-1.2883762739121576, -3.5046951512740017, 2.8351381320952607], "rotation": [[-0.8671365874257593, -0.4332156476025621, 0.24576074019236768], [0.363149198367028, -0.21221689715410735, 0.9072412293804042], [-0.34087651499185556, 0.8759498794078204, 0.34134295113921986]], "fy": 3234.2857411087925, "fx": 3232.247619303626}, {"id": 97, "img_name": "0098", "width": 2140, "height": 3810, "position": [-1.5679317450775323, -3.7050882857568386, 2.8831989472184465], "rotation": [[-0.859291290994581, -0.4432910873595611, 0.25516953009409954], [0.369317953398545, -0.19258115990750482, 0.9091296640997858], [-0.3538682332710519, 0.8754458913697966, 0.3291986706616029]], "fy": 3234.2857411087925, "fx": 3232.247619303626}, {"id": 98, "img_name": "0099", "width": 2140, "height": 3810, "position": [-1.9424415386463159, -3.4860235945769293, 2.8123775229763406], "rotation": [[-0.8187823162818437, -0.49107969677920515, 0.297382329595057], [0.41340178426689317, -0.14489576867581636, 0.8989461502141235], [-0.39836476163070483, 0.858979596749008, 0.32165131596159124]], "fy": 3234.2857411087925, "fx": 3232.247619303626}, {"id": 99, "img_name": "0100", "width": 2140, "height": 3810, "position": [-2.262439008947459, -3.277747004442861, 2.8437207304348706], "rotation": [[-0.7586617531259412, -0.5299134555995945, 0.3789776694191486], [0.5039025796469437, -0.10858900114351895, 0.8569075907329845], [-0.41293405595691485, 0.8410708403013086, 0.3494070792439991]], "fy": 3234.2857411087925, "fx": 3232.247619303626}, {"id": 100, "img_name": "0101", "width": 2140, "height": 3810, "position": [-2.5203796996567047, -3.2146790396381713, 3.0601555997917154], "rotation": [[-0.7493541565018739, -0.5225063433268973, 0.40676217783431984], [0.5202090624095929, -0.08446443740174651, 0.8498519225143509], [-0.4096960818952219, 0.8484414417021132, 0.33510631220874154]], "fy": 3234.2857411087925, "fx": 3232.247619303626}, {"id": 101, "img_name": "0102", "width": 2140, "height": 3810, "position": [-2.913532576026801, -3.2948732539907057, 3.14